6 0.38595271210013904 0.40287769784172667 0.09318497913769123 0.22661870503597123
6 0.43532684283727396 0.2589928057553957 0.18358831710709317 0.1366906474820144
6 0.5438108484005563 0.525179856115108 0.14186369958275383 0.1798561151079137
6 0.8031988873435326 0.5170863309352518 0.17941585535465923 0.1564748201438849
6 0.8616133518776078 0.38039568345323743 0.09596662030598052 0.21402877697841727
6 0.7127955493741307 0.375 0.14603616133518776 0.16366906474820145
6 0.6968011126564673 0.23291366906474822 0.14186369958275383 0.14568345323741008
3 0.5445062586926286 0.4289568345323741 0.09596662030598052 0.19964028776978418
3 0.5549374130737135 0.5323741007194245 0.07788595271210014 0.21223021582733814
3 0.5458970792767732 0.322841726618705 0.08762169680111265 0.19244604316546762
7 0.5952712100139081 0.20143884892086333 0.13351877607788595 0.07913669064748202
