6 0.8611111111111112 0.3363192182410424 0.0811965811965812 0.09283387622149837
6 0.9401709401709403 0.28420195439739415 0.08974358974358976 0.12214983713355049
6 0.8344017094017094 0.3965798045602606 0.09188034188034189 0.05700325732899023
6 0.9220085470085471 0.40879478827361565 0.08333333333333334 0.05863192182410424
6 0.9155982905982907 0.36482084690553745 0.07051282051282053 0.05211726384364821
2 0.685897435897436 0.31026058631921827 0.06410256410256411 0.11563517915309447
7 0.3322649572649573 0.25732899022801303 0.07051282051282053 0.03257328990228013
7 0.43589743589743596 0.42915309446254074 0.0982905982905983 0.08957654723127036
7 0.40811965811965817 0.5561889250814332 0.042735042735042736 0.030944625407166124
5 0.16559829059829062 0.8265472312703583 0.08333333333333334 0.06026058631921825
