6 0.1333955223880597 0.3509771986970684 0.11007462686567164 0.10586319218241043
6 0.19029850746268656 0.38436482084690554 0.10074626865671642 0.10097719869706841
6 0.17164179104477612 0.28338762214983715 0.07462686567164178 0.0749185667752443
6 0.20708955223880596 0.30293159609120524 0.07462686567164178 0.0749185667752443
2 0.20708955223880596 0.2679153094462541 0.0708955223880597 0.0732899022801303
2 0.2462686567164179 0.20602605863192183 0.06716417910447761 0.07654723127035831
3 0.23507462686567163 0.19136807817589577 0.03731343283582089 0.04071661237785017
2 0.20522388059701493 0.14169381107491857 0.06343283582089553 0.06840390879478828
1 0.7005597014925373 0.28338762214983715 0.10634328358208955 0.06188925081433225
7 0.7751865671641791 0.2752442996742671 0.027985074626865673 0.05211726384364821
7 0.8134328358208955 0.28257328990228014 0.029850746268656716 0.05374592833876222
5 0.8927238805970149 0.2785016286644951 0.07649253731343283 0.1465798045602606
5 0.9533582089552238 0.2662866449511401 0.05970149253731343 0.09609120521172639
7 0.9440298507462687 0.5757328990228013 0.05223880597014925 0.04723127035830619
7 0.8451492537313433 0.5333876221498371 0.048507462686567165 0.017915309446254073
